0.0000000,0.0000000
10.0000000,0.0000000
20.0000000,0.0000000
30.0000000,0.0000000
40.0000000,0.0000000
50.0000000,0.0000000
60.0000000,0.0000000
70.0000000,0.0000000
80.0000000,0.0000000
90.0000000,0.0000000
100.0000000,0.0000001
110.0000000,0.0000000
120.0000000,0.0000000
130.0000000,0.0000000
140.0000000,0.0000000
150.0000000,0.0000000
160.0000000,0.0000000
170.0000000,0.0000000
180.0000000,0.0000000
190.0000000,0.0000000
200.0000000,0.0000000
210.0000000,0.0000000
220.0000000,0.0000000
230.0000000,0.0000000
240.0000000,0.0000000
250.0000000,0.0000000
260.0000000,0.0000000
270.0000000,0.0000000
280.0000000,0.0000000
290.0000000,0.0000000
300.0000000,0.0000000
310.0000000,0.0000000
320.0000000,0.0000000
330.0000000,0.0000000
340.0000000,0.0000000
350.0000000,0.0000000
360.0000000,0.0000000
370.0000000,0.0000000
380.0000000,0.0000000
390.0000000,0.0000000
400.0000000,0.0000000
410.0000000,0.0000000
420.0000000,0.0000000
430.0000000,0.0000000
440.0000000,0.0000000
450.0000000,0.0000000
460.0000000,0.0000000
470.0000000,0.0000000
480.0000000,0.0000000
490.0000000,0.0000000
500.0000000,0.0000001
510.0000000,0.0000000
520.0000000,0.0000000
530.0000000,0.0000000
540.0000000,0.0000000
550.0000000,0.0000000
560.0000000,0.0000000
570.0000000,0.0000000
580.0000000,0.0000000
590.0000000,0.0000000
600.0000000,0.0000001
610.0000000,0.0000000
620.0000000,0.0000000
630.0000000,0.0000000
640.0000000,0.0000000
650.0000000,0.0000000
660.0000000,0.0000000
670.0000000,0.0000000
680.0000000,0.0000000
690.0000000,0.0000000
700.0000000,0.0000002
710.0000000,0.0000000
720.0000000,0.0000000
730.0000000,0.0000000
740.0000000,0.0000000
750.0000000,0.0000000
760.0000000,0.0000000
770.0000000,0.0000000
780.0000000,0.0000000
790.0000000,0.0000000
800.0000000,0.0000001
810.0000000,0.0000000
820.0000000,0.0000000
830.0000000,0.0000000
840.0000000,0.0000000
850.0000000,0.0000000
860.0000000,0.0000000
870.0000000,0.0000000
880.0000000,0.0000000
890.0000000,0.0000000
900.0000000,0.0000002
910.0000000,0.0000000
920.0000000,0.0000000
930.0000000,0.0000000
940.0000000,0.0000000
950.0000000,0.0000000
960.0000000,0.0000000
970.0000000,0.0000000
980.0000000,0.0000000
990.0000000,0.0000000
1000.0000000,0.0166659
1010.0000000,0.0000000
1020.0000000,0.0000000
1030.0000000,0.0000000
1040.0000000,0.0000000
1050.0000000,0.0000000
1060.0000000,0.0000000
1070.0000000,0.0000000
1080.0000000,0.0000000
1090.0000000,0.0000000
1100.0000000,0.0000000
1110.0000000,0.0000000
1120.0000000,0.0000000
1130.0000000,0.0000000
1140.0000000,0.0000000
1150.0000000,0.0000000
1160.0000000,0.0000000
1170.0000000,0.0000000
1180.0000000,0.0000000
1190.0000000,0.0000000
1200.0000000,0.0000000
1210.0000000,0.0000000
1220.0000000,0.0000000
1230.0000000,0.0000000
1240.0000000,0.0000000
1250.0000000,0.0000000
1260.0000000,0.0000000
1270.0000000,0.0000000
1280.0000000,0.0000000
1290.0000000,0.0000000
1300.0000000,0.0000000
1310.0000000,0.0000000
1320.0000000,0.0000000
1330.0000000,0.0000000
1340.0000000,0.0000000
1350.0000000,0.0000000
1360.0000000,0.0000000
1370.0000000,0.0000000
1380.0000000,0.0000000
1390.0000000,0.0000000
1400.0000000,0.0000000
1410.0000000,0.0000000
1420.0000000,0.0000000
1430.0000000,0.0000000
1440.0000000,0.0000000
1450.0000000,0.0000000
1460.0000000,0.0000000
1470.0000000,0.0000000
1480.0000000,0.0000000
1490.0000000,0.0000000
1500.0000000,0.0000001
1510.0000000,0.0000000
1520.0000000,0.0000000
1530.0000000,0.0000000
1540.0000000,0.0000000
1550.0000000,0.0000000
1560.0000000,0.0000000
1570.0000000,0.0000000
1580.0000000,0.0000000
1590.0000000,0.0000000
1600.0000000,0.0000000
1610.0000000,0.0000000
1620.0000000,0.0000000
1630.0000000,0.0000000
1640.0000000,0.0000000
1650.0000000,0.0000000
1660.0000000,0.0000000
1670.0000000,0.0000000
1680.0000000,0.0000000
1690.0000000,0.0000000
1700.0000000,0.0000000
1710.0000000,0.0000000
1720.0000000,0.0000000
1730.0000000,0.0000000
1740.0000000,0.0000000
1750.0000000,0.0000000
1760.0000000,0.0000000
1770.0000000,0.0000000
1780.0000000,0.0000000
1790.0000000,0.0000000
1800.0000000,0.0000001
1810.0000000,0.0000000
1820.0000000,0.0000000
1830.0000000,0.0000000
1840.0000000,0.0000000
1850.0000000,0.0000000
1860.0000000,0.0000000
1870.0000000,0.0000000
1880.0000000,0.0000000
1890.0000000,0.0000000
1900.0000000,0.0000000
1910.0000000,0.0000000
1920.0000000,0.0000000
1930.0000000,0.0000000
1940.0000000,0.0000000
1950.0000000,0.0000000
1960.0000000,0.0000000
1970.0000000,0.0000000
1980.0000000,0.0000000
1990.0000000,0.0000000
2000.0000000,0.0333319
2010.0000000,0.0000000
2020.0000000,0.0000000
2030.0000000,0.0000000
2040.0000000,0.0000000
2050.0000000,0.0000000
2060.0000000,0.0000000
2070.0000000,0.0000000
2080.0000000,0.0000000
2090.0000000,0.0000000
2100.0000000,0.0000001
2110.0000000,0.0000000
2120.0000000,0.0000000
2130.0000000,0.0000000
2140.0000000,0.0000000
2150.0000000,0.0000000
2160.0000000,0.0000000
2170.0000000,0.0000000
2180.0000000,0.0000000
2190.0000000,0.0000000
2200.0000000,0.0000000
2210.0000000,0.0000000
2220.0000000,0.0000000
2230.0000000,0.0000000
2240.0000000,0.0000000
2250.0000000,0.0000000
2260.0000000,0.0000000
2270.0000000,0.0000000
2280.0000000,0.0000000
2290.0000000,0.0000000
2300.0000000,0.0000001
2310.0000000,0.0000000
2320.0000000,0.0000000
2330.0000000,0.0000000
2340.0000000,0.0000000
2350.0000000,0.0000000
2360.0000000,0.0000000
2370.0000000,0.0000000
2380.0000000,0.0000000
2390.0000000,0.0000000
2400.0000000,0.0000001
2410.0000000,0.0000000
2420.0000000,0.0000000
2430.0000000,0.0000000
2440.0000000,0.0000000
2450.0000000,0.0000000
2460.0000000,0.0000000
2470.0000000,0.0000000
2480.0000000,0.0000000
2490.0000000,0.0000000
2500.0000000,0.0000000
2510.0000000,0.0000000
2520.0000000,0.0000000
2530.0000000,0.0000000
2540.0000000,0.0000000
2550.0000000,0.0000000
2560.0000000,0.0000000
2570.0000000,0.0000000
2580.0000000,0.0000000
2590.0000000,0.0000000
2600.0000000,0.0000001
2610.0000000,0.0000000
2620.0000000,0.0000000
2630.0000000,0.0000000
2640.0000000,0.0000000
2650.0000000,0.0000000
2660.0000000,0.0000000
2670.0000000,0.0000000
2680.0000000,0.0000000
2690.0000000,0.0000000
2700.0000000,0.0000000
2710.0000000,0.0000000
2720.0000000,0.0000000
2730.0000000,0.0000000
2740.0000000,0.0000000
2750.0000000,0.0000000
2760.0000000,0.0000000
2770.0000000,0.0000000
2780.0000000,0.0000000
2790.0000000,0.0000000
2800.0000000,0.0000001
2810.0000000,0.0000000
2820.0000000,0.0000000
2830.0000000,0.0000000
2840.0000000,0.0000000
2850.0000000,0.0000000
2860.0000000,0.0000000
2870.0000000,0.0000000
2880.0000000,0.0000000
2890.0000000,0.0000000
2900.0000000,0.0000001
2910.0000000,0.0000000
2920.0000000,0.0000000
2930.0000000,0.0000000
2940.0000000,0.0000000
2950.0000000,0.0000000
2960.0000000,0.0000000
2970.0000000,0.0000000
2980.0000000,0.0000000
2990.0000000,0.0000000
3000.0000000,0.0499968
3010.0000000,0.0000000
3020.0000000,0.0000000
3030.0000000,0.0000000
3040.0000000,0.0000000
3050.0000000,0.0000000
3060.0000000,0.0000000
3070.0000000,0.0000000
3080.0000000,0.0000000
3090.0000000,0.0000000
3100.0000000,0.0000001
3110.0000000,0.0000000
3120.0000000,0.0000000
3130.0000000,0.0000000
3140.0000000,0.0000000
3150.0000000,0.0000000
3160.0000000,0.0000000
3170.0000000,0.0000000
3180.0000000,0.0000000
3190.0000000,0.0000000
3200.0000000,0.0000001
3210.0000000,0.0000000
3220.0000000,0.0000000
3230.0000000,0.0000000
3240.0000000,0.0000000
3250.0000000,0.0000000
3260.0000000,0.0000000
3270.0000000,0.0000000
3280.0000000,0.0000000
3290.0000000,0.0000000
3300.0000000,0.0000001
3310.0000000,0.0000000
3320.0000000,0.0000000
3330.0000000,0.0000000
3340.0000000,0.0000000
3350.0000000,0.0000000
3360.0000000,0.0000000
3370.0000000,0.0000000
3380.0000000,0.0000000
3390.0000000,0.0000000
3400.0000000,0.0000001
3410.0000000,0.0000000
3420.0000000,0.0000000
3430.0000000,0.0000000
3440.0000000,0.0000000
3450.0000000,0.0000000
3460.0000000,0.0000000
3470.0000000,0.0000000
3480.0000000,0.0000000
3490.0000000,0.0000000
3500.0000000,0.0000000
3510.0000000,0.0000000
3520.0000000,0.0000000
3530.0000000,0.0000000
3540.0000000,0.0000000
3550.0000000,0.0000000
3560.0000000,0.0000000
3570.0000000,0.0000000
3580.0000000,0.0000000
3590.0000000,0.0000000
3600.0000000,0.0000001
3610.0000000,0.0000000
3620.0000000,0.0000000
3630.0000000,0.0000000
3640.0000000,0.0000000
3650.0000000,0.0000000
3660.0000000,0.0000000
3670.0000000,0.0000000
3680.0000000,0.0000000
3690.0000000,0.0000000
3700.0000000,0.0000001
3710.0000000,0.0000000
3720.0000000,0.0000000
3730.0000000,0.0000000
3740.0000000,0.0000000
3750.0000000,0.0000000
3760.0000000,0.0000000
3770.0000000,0.0000000
3780.0000000,0.0000000
3790.0000000,0.0000000
3800.0000000,0.0000000
3810.0000000,0.0000000
3820.0000000,0.0000000
3830.0000000,0.0000000
3840.0000000,0.0000000
3850.0000000,0.0000000
3860.0000000,0.0000000
3870.0000000,0.0000000
3880.0000000,0.0000000
3890.0000000,0.0000000
3900.0000000,0.0000000
3910.0000000,0.0000000
3920.0000000,0.0000000
3930.0000000,0.0000000
3940.0000000,0.0000000
3950.0000000,0.0000000
3960.0000000,0.0000000
3970.0000000,0.0000000
3980.0000000,0.0000000
3990.0000000,0.0000000
4000.0000000,0.0000008
4010.0000000,0.0000000
4020.0000000,0.0000000
4030.0000000,0.0000000
4040.0000000,0.0000000
4050.0000000,0.0000000
4060.0000000,0.0000000
4070.0000000,0.0000000
4080.0000000,0.0000000
4090.0000000,0.0000000
4100.0000000,0.0000001
4110.0000000,0.0000000
4120.0000000,0.0000000
4130.0000000,0.0000000
4140.0000000,0.0000000
4150.0000000,0.0000000
4160.0000000,0.0000000
4170.0000000,0.0000000
4180.0000000,0.0000000
4190.0000000,0.0000000
4200.0000000,0.0000000
4210.0000000,0.0000000
4220.0000000,0.0000000
4230.0000000,0.0000000
4240.0000000,0.0000000
4250.0000000,0.0000000
4260.0000000,0.0000000
4270.0000000,0.0000000
4280.0000000,0.0000000
4290.0000000,0.0000000
4300.0000000,0.0000000
4310.0000000,0.0000000
4320.0000000,0.0000000
4330.0000000,0.0000000
4340.0000000,0.0000000
4350.0000000,0.0000000
4360.0000000,0.0000000
4370.0000000,0.0000000
4380.0000000,0.0000000
4390.0000000,0.0000000
4400.0000000,0.0000000
4410.0000000,0.0000000
4420.0000000,0.0000000
4430.0000000,0.0000000
4440.0000000,0.0000000
4450.0000000,0.0000000
4460.0000000,0.0000000
4470.0000000,0.0000000
4480.0000000,0.0000000
4490.0000000,0.0000000
4500.0000000,0.0000001
4510.0000000,0.0000000
4520.0000000,0.0000000
4530.0000000,0.0000000
4540.0000000,0.0000000
4550.0000000,0.0000000
4560.0000000,0.0000000
4570.0000000,0.0000000
4580.0000000,0.0000000
4590.0000000,0.0000000
4600.0000000,0.0000002
4610.0000000,0.0000000
4620.0000000,0.0000000
4630.0000000,0.0000000
4640.0000000,0.0000000
4650.0000000,0.0000000
4660.0000000,0.0000000
4670.0000000,0.0000000
4680.0000000,0.0000000
4690.0000000,0.0000000
4700.0000000,0.0000001
4710.0000000,0.0000000
4720.0000000,0.0000000
4730.0000000,0.0000000
4740.0000000,0.0000000
4750.0000000,0.0000000
4760.0000000,0.0000000
4770.0000000,0.0000000
4780.0000000,0.0000000
4790.0000000,0.0000000
4800.0000000,0.0000002
4810.0000000,0.0000000
4820.0000000,0.0000000
4830.0000000,0.0000000
4840.0000000,0.0000000
4850.0000000,0.0000000
4860.0000000,0.0000000
4870.0000000,0.0000000
4880.0000000,0.0000000
4890.0000000,0.0000000
4900.0000000,0.0000000
4910.0000000,0.0000000
4920.0000000,0.0000000
4930.0000000,0.0000000
4940.0000000,0.0000000
4950.0000000,0.0000000
4960.0000000,0.0000000
4970.0000000,0.0000000
4980.0000000,0.0000000
4990.0000000,0.0000000
5000.0000000,0.0000000
5010.0000000,0.0000000
5020.0000000,0.0000000
5030.0000000,0.0000000
5040.0000000,0.0000000
5050.0000000,0.0000000
5060.0000000,0.0000000
5070.0000000,0.0000000
5080.0000000,0.0000000
5090.0000000,0.0000000
5100.0000000,0.0000000
5110.0000000,0.0000000
5120.0000000,0.0000000
5130.0000000,0.0000000
5140.0000000,0.0000000
5150.0000000,0.0000000
5160.0000000,0.0000000
5170.0000000,0.0000000
5180.0000000,0.0000000
5190.0000000,0.0000000
5200.0000000,0.0000001
5210.0000000,0.0000000
5220.0000000,0.0000000
5230.0000000,0.0000000
5240.0000000,0.0000000
5250.0000000,0.0000000
5260.0000000,0.0000000
5270.0000000,0.0000000
5280.0000000,0.0000000
5290.0000000,0.0000000
5300.0000000,0.0000001
5310.0000000,0.0000000
5320.0000000,0.0000000
5330.0000000,0.0000000
5340.0000000,0.0000000
5350.0000000,0.0000000
5360.0000000,0.0000000
5370.0000000,0.0000000
5380.0000000,0.0000000
5390.0000000,0.0000000
5400.0000000,0.0000002
5410.0000000,0.0000000
5420.0000000,0.0000000
5430.0000000,0.0000000
5440.0000000,0.0000000
5450.0000000,0.0000000
5460.0000000,0.0000000
5470.0000000,0.0000000
5480.0000000,0.0000000
5490.0000000,0.0000000
5500.0000000,0.0000001
5510.0000000,0.0000000
5520.0000000,0.0000000
5530.0000000,0.0000000
5540.0000000,0.0000000
5550.0000000,0.0000000
5560.0000000,0.0000000
5570.0000000,0.0000000
5580.0000000,0.0000000
5590.0000000,0.0000000
5600.0000000,0.0000001
5610.0000000,0.0000000
5620.0000000,0.0000000
5630.0000000,0.0000000
5640.0000000,0.0000000
5650.0000000,0.0000000
5660.0000000,0.0000000
5670.0000000,0.0000000
5680.0000000,0.0000000
5690.0000000,0.0000000
5700.0000000,0.0000001
5710.0000000,0.0000000
5720.0000000,0.0000000
5730.0000000,0.0000000
5740.0000000,0.0000000
5750.0000000,0.0000000
5760.0000000,0.0000000
5770.0000000,0.0000000
5780.0000000,0.0000000
5790.0000000,0.0000000
5800.0000000,0.0000000
5810.0000000,0.0000000
5820.0000000,0.0000000
5830.0000000,0.0000000
5840.0000000,0.0000000
5850.0000000,0.0000000
5860.0000000,0.0000000
5870.0000000,0.0000000
5880.0000000,0.0000000
5890.0000000,0.0000000
5900.0000000,0.0000001
5910.0000000,0.0000000
5920.0000000,0.0000000
5930.0000000,0.0000000
5940.0000000,0.0000000
5950.0000000,0.0000000
5960.0000000,0.0000000
5970.0000000,0.0000000
5980.0000000,0.0000000
5990.0000000,0.0000000
6000.0000000,0.0000002
6010.0000000,0.0000000
6020.0000000,0.0000000
6030.0000000,0.0000000
6040.0000000,0.0000000
6050.0000000,0.0000000
6060.0000000,0.0000000
6070.0000000,0.0000000
6080.0000000,0.0000000
6090.0000000,0.0000000
6100.0000000,0.0000000
6110.0000000,0.0000000
6120.0000000,0.0000000
6130.0000000,0.0000000
6140.0000000,0.0000000
6150.0000000,0.0000000
6160.0000000,0.0000000
6170.0000000,0.0000000
6180.0000000,0.0000000
6190.0000000,0.0000000
6200.0000000,0.0000001
6210.0000000,0.0000000
6220.0000000,0.0000000
6230.0000000,0.0000000
6240.0000000,0.0000000
6250.0000000,0.0000000
6260.0000000,0.0000000
6270.0000000,0.0000000
6280.0000000,0.0000000
6290.0000000,0.0000000
6300.0000000,0.0000001
6310.0000000,0.0000000
6320.0000000,0.0000000
6330.0000000,0.0000000
6340.0000000,0.0000000
6350.0000000,0.0000000
6360.0000000,0.0000000
6370.0000000,0.0000000
6380.0000000,0.0000000
6390.0000000,0.0000000
6400.0000000,0.0000001
6410.0000000,0.0000000
6420.0000000,0.0000000
6430.0000000,0.0000000
6440.0000000,0.0000000
6450.0000000,0.0000000
6460.0000000,0.0000000
6470.0000000,0.0000000
6480.0000000,0.0000000
6490.0000000,0.0000000
6500.0000000,0.0000001
6510.0000000,0.0000000
6520.0000000,0.0000000
6530.0000000,0.0000000
6540.0000000,0.0000000
6550.0000000,0.0000000
6560.0000000,0.0000000
6570.0000000,0.0000000
6580.0000000,0.0000000
6590.0000000,0.0000000
6600.0000000,0.0000000
6610.0000000,0.0000000
6620.0000000,0.0000000
6630.0000000,0.0000000
6640.0000000,0.0000000
6650.0000000,0.0000000
6660.0000000,0.0000000
6670.0000000,0.0000000
6680.0000000,0.0000000
6690.0000000,0.0000000
6700.0000000,0.0000001
6710.0000000,0.0000000
6720.0000000,0.0000000
6730.0000000,0.0000000
6740.0000000,0.0000000
6750.0000000,0.0000000
6760.0000000,0.0000000
6770.0000000,0.0000000
6780.0000000,0.0000000
6790.0000000,0.0000000
6800.0000000,0.0000001
6810.0000000,0.0000000
6820.0000000,0.0000000
6830.0000000,0.0000000
6840.0000000,0.0000000
6850.0000000,0.0000000
6860.0000000,0.0000000
6870.0000000,0.0000000
6880.0000000,0.0000000
6890.0000000,0.0000000
6900.0000000,0.0000002
6910.0000000,0.0000000
6920.0000000,0.0000000
6930.0000000,0.0000000
6940.0000000,0.0000000
6950.0000000,0.0000000
6960.0000000,0.0000000
6970.0000000,0.0000000
6980.0000000,0.0000000
6990.0000000,0.0000000
7000.0000000,0.0000002
7010.0000000,0.0000000
7020.0000000,0.0000000
7030.0000000,0.0000000
7040.0000000,0.0000000
7050.0000000,0.0000000
7060.0000000,0.0000000
7070.0000000,0.0000000
7080.0000000,0.0000000
7090.0000000,0.0000000
7100.0000000,0.0000002
7110.0000000,0.0000000
7120.0000000,0.0000000
7130.0000000,0.0000000
7140.0000000,0.0000000
7150.0000000,0.0000000
7160.0000000,0.0000000
7170.0000000,0.0000000
7180.0000000,0.0000000
7190.0000000,0.0000000
7200.0000000,0.0000000
7210.0000000,0.0000000
7220.0000000,0.0000000
7230.0000000,0.0000000
7240.0000000,0.0000000
7250.0000000,0.0000000
7260.0000000,0.0000000
7270.0000000,0.0000000
7280.0000000,0.0000000
7290.0000000,0.0000000
7300.0000000,0.0000000
7310.0000000,0.0000000
7320.0000000,0.0000000
7330.0000000,0.0000000
7340.0000000,0.0000000
7350.0000000,0.0000000
7360.0000000,0.0000000
7370.0000000,0.0000000
7380.0000000,0.0000000
7390.0000000,0.0000000
7400.0000000,0.0000000
7410.0000000,0.0000000
7420.0000000,0.0000000
7430.0000000,0.0000000
7440.0000000,0.0000000
7450.0000000,0.0000000
7460.0000000,0.0000000
7470.0000000,0.0000000
7480.0000000,0.0000000
7490.0000000,0.0000000
7500.0000000,0.0000000
7510.0000000,0.0000000
7520.0000000,0.0000000
7530.0000000,0.0000000
7540.0000000,0.0000000
7550.0000000,0.0000000
7560.0000000,0.0000000
7570.0000000,0.0000000
7580.0000000,0.0000000
7590.0000000,0.0000000
7600.0000000,0.0000002
7610.0000000,0.0000000
7620.0000000,0.0000000
7630.0000000,0.0000000
7640.0000000,0.0000000
7650.0000000,0.0000000
7660.0000000,0.0000000
7670.0000000,0.0000000
7680.0000000,0.0000000
7690.0000000,0.0000000
7700.0000000,0.0000001
7710.0000000,0.0000000
7720.0000000,0.0000000
7730.0000000,0.0000000
7740.0000000,0.0000000
7750.0000000,0.0000000
7760.0000000,0.0000000
7770.0000000,0.0000000
7780.0000000,0.0000000
7790.0000000,0.0000000
7800.0000000,0.0000001
7810.0000000,0.0000000
7820.0000000,0.0000000
7830.0000000,0.0000000
7840.0000000,0.0000000
7850.0000000,0.0000000
7860.0000000,0.0000000
7870.0000000,0.0000000
7880.0000000,0.0000000
7890.0000000,0.0000000
7900.0000000,0.0000001
7910.0000000,0.0000000
7920.0000000,0.0000000
7930.0000000,0.0000000
7940.0000000,0.0000000
7950.0000000,0.0000000
7960.0000000,0.0000000
7970.0000000,0.0000000
7980.0000000,0.0000000
7990.0000000,0.0000000
8000.0000000,0.0000003
8010.0000000,0.0000000
8020.0000000,0.0000000
8030.0000000,0.0000000
8040.0000000,0.0000000
8050.0000000,0.0000000
8060.0000000,0.0000000
8070.0000000,0.0000000
8080.0000000,0.0000000
8090.0000000,0.0000000
8100.0000000,0.0000000
8110.0000000,0.0000000
8120.0000000,0.0000000
8130.0000000,0.0000000
8140.0000000,0.0000000
8150.0000000,0.0000000
8160.0000000,0.0000000
8170.0000000,0.0000000
8180.0000000,0.0000000
8190.0000000,0.0000000
8200.0000000,0.0000001
8210.0000000,0.0000000
8220.0000000,0.0000000
8230.0000000,0.0000000
8240.0000000,0.0000000
8250.0000000,0.0000000
8260.0000000,0.0000000
8270.0000000,0.0000000
8280.0000000,0.0000000
8290.0000000,0.0000000
8300.0000000,0.0000000
8310.0000000,0.0000000
8320.0000000,0.0000000
8330.0000000,0.0000000
8340.0000000,0.0000000
8350.0000000,0.0000000
8360.0000000,0.0000000
8370.0000000,0.0000000
8380.0000000,0.0000000
8390.0000000,0.0000000
8400.0000000,0.0000002
8410.0000000,0.0000000
8420.0000000,0.0000000
8430.0000000,0.0000000
8440.0000000,0.0000000
8450.0000000,0.0000000
8460.0000000,0.0000000
8470.0000000,0.0000000
8480.0000000,0.0000000
8490.0000000,0.0000000
8500.0000000,0.0000000
8510.0000000,0.0000000
8520.0000000,0.0000000
8530.0000000,0.0000000
8540.0000000,0.0000000
8550.0000000,0.0000000
8560.0000000,0.0000000
8570.0000000,0.0000000
8580.0000000,0.0000000
8590.0000000,0.0000000
8600.0000000,0.0000001
8610.0000000,0.0000000
8620.0000000,0.0000000
8630.0000000,0.0000000
8640.0000000,0.0000000
8650.0000000,0.0000000
8660.0000000,0.0000000
8670.0000000,0.0000000
8680.0000000,0.0000000
8690.0000000,0.0000000
8700.0000000,0.0000000
8710.0000000,0.0000000
8720.0000000,0.0000000
8730.0000000,0.0000000
8740.0000000,0.0000000
8750.0000000,0.0000000
8760.0000000,0.0000000
8770.0000000,0.0000000
8780.0000000,0.0000000
8790.0000000,0.0000000
8800.0000000,0.0000000
8810.0000000,0.0000000
8820.0000000,0.0000000
8830.0000000,0.0000000
8840.0000000,0.0000000
8850.0000000,0.0000000
8860.0000000,0.0000000
8870.0000000,0.0000000
8880.0000000,0.0000000
8890.0000000,0.0000000
8900.0000000,0.0000000
8910.0000000,0.0000000
8920.0000000,0.0000000
8930.0000000,0.0000000
8940.0000000,0.0000000
8950.0000000,0.0000000
8960.0000000,0.0000000
8970.0000000,0.0000000
8980.0000000,0.0000000
8990.0000000,0.0000000
9000.0000000,0.0000001
9010.0000000,0.0000000
9020.0000000,0.0000000
9030.0000000,0.0000000
9040.0000000,0.0000000
9050.0000000,0.0000000
9060.0000000,0.0000000
9070.0000000,0.0000000
9080.0000000,0.0000000
9090.0000000,0.0000000
9100.0000000,0.0000001
9110.0000000,0.0000000
9120.0000000,0.0000000
9130.0000000,0.0000000
9140.0000000,0.0000000
9150.0000000,0.0000000
9160.0000000,0.0000000
9170.0000000,0.0000000
9180.0000000,0.0000000
9190.0000000,0.0000000
9200.0000000,0.0000001
9210.0000000,0.0000000
9220.0000000,0.0000000
9230.0000000,0.0000000
9240.0000000,0.0000000
9250.0000000,0.0000000
9260.0000000,0.0000000
9270.0000000,0.0000000
9280.0000000,0.0000000
9290.0000000,0.0000000
9300.0000000,0.0000000
9310.0000000,0.0000000
9320.0000000,0.0000000
9330.0000000,0.0000000
9340.0000000,0.0000000
9350.0000000,0.0000000
9360.0000000,0.0000000
9370.0000000,0.0000000
9380.0000000,0.0000000
9390.0000000,0.0000000
9400.0000000,0.0000000
9410.0000000,0.0000000
9420.0000000,0.0000000
9430.0000000,0.0000000
9440.0000000,0.0000000
9450.0000000,0.0000000
9460.0000000,0.0000000
9470.0000000,0.0000000
9480.0000000,0.0000000
9490.0000000,0.0000000
9500.0000000,0.0000001
9510.0000000,0.0000000
9520.0000000,0.0000000
9530.0000000,0.0000000
9540.0000000,0.0000000
9550.0000000,0.0000000
9560.0000000,0.0000000
9570.0000000,0.0000000
9580.0000000,0.0000000
9590.0000000,0.0000000
9600.0000000,0.0000002
9610.0000000,0.0000000
9620.0000000,0.0000000
9630.0000000,0.0000000
9640.0000000,0.0000000
9650.0000000,0.0000000
9660.0000000,0.0000000
9670.0000000,0.0000000
9680.0000000,0.0000000
9690.0000000,0.0000000
9700.0000000,0.0000000
9710.0000000,0.0000000
9720.0000000,0.0000000
9730.0000000,0.0000000
9740.0000000,0.0000000
9750.0000000,0.0000000
9760.0000000,0.0000000
9770.0000000,0.0000000
9780.0000000,0.0000000
9790.0000000,0.0000000
9800.0000000,0.0000000
9810.0000000,0.0000000
9820.0000000,0.0000000
9830.0000000,0.0000000
9840.0000000,0.0000000
9850.0000000,0.0000000
9860.0000000,0.0000000
9870.0000000,0.0000000
9880.0000000,0.0000000
9890.0000000,0.0000000
9900.0000000,0.0000001
9910.0000000,0.0000000
9920.0000000,0.0000000
9930.0000000,0.0000000
9940.0000000,0.0000000
9950.0000000,0.0000000
9960.0000000,0.0000000
9970.0000000,0.0000000
9980.0000000,0.0000000
9990.0000000,0.0000000
10000.0000000,0.0000004
10010.0000000,0.0000000
10020.0000000,0.0000000
10030.0000000,0.0000000
10040.0000000,0.0000000
10050.0000000,0.0000000
10060.0000000,0.0000000
10070.0000000,0.0000000
10080.0000000,0.0000000
10090.0000000,0.0000000
10100.0000000,0.0000000
10110.0000000,0.0000000
10120.0000000,0.0000000
10130.0000000,0.0000000
10140.0000000,0.0000000
10150.0000000,0.0000000
10160.0000000,0.0000000
10170.0000000,0.0000000
10180.0000000,0.0000000
10190.0000000,0.0000000
10200.0000000,0.0000001
10210.0000000,0.0000000
10220.0000000,0.0000000
10230.0000000,0.0000000
10240.0000000,0.0000000
10250.0000000,0.0000000
10260.0000000,0.0000000
10270.0000000,0.0000000
10280.0000000,0.0000000
10290.0000000,0.0000000
10300.0000000,0.0000001
10310.0000000,0.0000000
10320.0000000,0.0000000
10330.0000000,0.0000000
10340.0000000,0.0000000
10350.0000000,0.0000000
10360.0000000,0.0000000
10370.0000000,0.0000000
10380.0000000,0.0000000
10390.0000000,0.0000000
10400.0000000,0.0000001
10410.0000000,0.0000000
10420.0000000,0.0000000
10430.0000000,0.0000000
10440.0000000,0.0000000
10450.0000000,0.0000000
10460.0000000,0.0000000
10470.0000000,0.0000000
10480.0000000,0.0000000
10490.0000000,0.0000000
10500.0000000,0.0000001
10510.0000000,0.0000000
10520.0000000,0.0000000
10530.0000000,0.0000000
10540.0000000,0.0000000
10550.0000000,0.0000000
10560.0000000,0.0000000
10570.0000000,0.0000000
10580.0000000,0.0000000
10590.0000000,0.0000000
10600.0000000,0.0000000
10610.0000000,0.0000000
10620.0000000,0.0000000
10630.0000000,0.0000000
10640.0000000,0.0000000
10650.0000000,0.0000000
10660.0000000,0.0000000
10670.0000000,0.0000000
10680.0000000,0.0000000
10690.0000000,0.0000000
10700.0000000,0.0000000
10710.0000000,0.0000000
10720.0000000,0.0000000
10730.0000000,0.0000000
10740.0000000,0.0000000
10750.0000000,0.0000000
10760.0000000,0.0000000
10770.0000000,0.0000000
10780.0000000,0.0000000
10790.0000000,0.0000000
10800.0000000,0.0000001
10810.0000000,0.0000000
10820.0000000,0.0000000
10830.0000000,0.0000000
10840.0000000,0.0000000
10850.0000000,0.0000000
10860.0000000,0.0000000
10870.0000000,0.0000000
10880.0000000,0.0000000
10890.0000000,0.0000000
10900.0000000,0.0000000
10910.0000000,0.0000000
10920.0000000,0.0000000
10930.0000000,0.0000000
10940.0000000,0.0000000
10950.0000000,0.0000000
10960.0000000,0.0000000
10970.0000000,0.0000000
10980.0000000,0.0000000
10990.0000000,0.0000000
11000.0000000,0.0000004
11010.0000000,0.0000000
11020.0000000,0.0000000
11030.0000000,0.0000000
11040.0000000,0.0000000
11050.0000000,0.0000000
11060.0000000,0.0000000
11070.0000000,0.0000000
11080.0000000,0.0000000
11090.0000000,0.0000000
11100.0000000,0.0000001
11110.0000000,0.0000000
11120.0000000,0.0000000
11130.0000000,0.0000000
11140.0000000,0.0000000
11150.0000000,0.0000000
11160.0000000,0.0000000
11170.0000000,0.0000000
11180.0000000,0.0000000
11190.0000000,0.0000000
11200.0000000,0.0000000
11210.0000000,0.0000000
11220.0000000,0.0000000
11230.0000000,0.0000000
11240.0000000,0.0000000
11250.0000000,0.0000000
11260.0000000,0.0000000
11270.0000000,0.0000000
11280.0000000,0.0000000
11290.0000000,0.0000000
11300.0000000,0.0000000
11310.0000000,0.0000000
11320.0000000,0.0000000
11330.0000000,0.0000000
11340.0000000,0.0000000
11350.0000000,0.0000000
11360.0000000,0.0000000
11370.0000000,0.0000000
11380.0000000,0.0000000
11390.0000000,0.0000000
11400.0000000,0.0000001
11410.0000000,0.0000000
11420.0000000,0.0000000
11430.0000000,0.0000000
11440.0000000,0.0000000
11450.0000000,0.0000000
11460.0000000,0.0000000
11470.0000000,0.0000000
11480.0000000,0.0000000
11490.0000000,0.0000000
11500.0000000,0.0000001
11510.0000000,0.0000000
11520.0000000,0.0000000
11530.0000000,0.0000000
11540.0000000,0.0000000
11550.0000000,0.0000000
11560.0000000,0.0000000
11570.0000000,0.0000000
11580.0000000,0.0000000
11590.0000000,0.0000000
11600.0000000,0.0000000
11610.0000000,0.0000000
11620.0000000,0.0000000
11630.0000000,0.0000000
11640.0000000,0.0000000
11650.0000000,0.0000000
11660.0000000,0.0000000
11670.0000000,0.0000000
11680.0000000,0.0000000
11690.0000000,0.0000000
11700.0000000,0.0000001
11710.0000000,0.0000000
11720.0000000,0.0000000
11730.0000000,0.0000000
11740.0000000,0.0000000
11750.0000000,0.0000000
11760.0000000,0.0000000
11770.0000000,0.0000000
11780.0000000,0.0000000
11790.0000000,0.0000000
11800.0000000,0.0000001
11810.0000000,0.0000000
11820.0000000,0.0000000
11830.0000000,0.0000000
11840.0000000,0.0000000
11850.0000000,0.0000000
11860.0000000,0.0000000
11870.0000000,0.0000000
11880.0000000,0.0000000
11890.0000000,0.0000000
11900.0000000,0.0000000
11910.0000000,0.0000000
11920.0000000,0.0000000
11930.0000000,0.0000000
11940.0000000,0.0000000
11950.0000000,0.0000000
11960.0000000,0.0000000
11970.0000000,0.0000000
11980.0000000,0.0000000
11990.0000000,0.0000000
12000.0000000,0.0000002
12010.0000000,0.0000000
12020.0000000,0.0000000
12030.0000000,0.0000000
12040.0000000,0.0000000
12050.0000000,0.0000000
12060.0000000,0.0000000
12070.0000000,0.0000000
12080.0000000,0.0000000
12090.0000000,0.0000000
12100.0000000,0.0000001
12110.0000000,0.0000000
12120.0000000,0.0000000
12130.0000000,0.0000000
12140.0000000,0.0000000
12150.0000000,0.0000000
12160.0000000,0.0000000
12170.0000000,0.0000000
12180.0000000,0.0000000
12190.0000000,0.0000000
12200.0000000,0.0000000
12210.0000000,0.0000000
12220.0000000,0.0000000
12230.0000000,0.0000000
12240.0000000,0.0000000
12250.0000000,0.0000000
12260.0000000,0.0000000
12270.0000000,0.0000000
12280.0000000,0.0000000
12290.0000000,0.0000000
12300.0000000,0.0000001
12310.0000000,0.0000000
12320.0000000,0.0000000
12330.0000000,0.0000000
12340.0000000,0.0000000
12350.0000000,0.0000000
12360.0000000,0.0000000
12370.0000000,0.0000000
12380.0000000,0.0000000
12390.0000000,0.0000000
12400.0000000,0.0000000
12410.0000000,0.0000000
12420.0000000,0.0000000
12430.0000000,0.0000000
12440.0000000,0.0000000
12450.0000000,0.0000000
12460.0000000,0.0000000
12470.0000000,0.0000000
12480.0000000,0.0000000
12490.0000000,0.0000000
12500.0000000,0.0000000
12510.0000000,0.0000000
12520.0000000,0.0000000
12530.0000000,0.0000000
12540.0000000,0.0000000
12550.0000000,0.0000000
12560.0000000,0.0000000
12570.0000000,0.0000000
12580.0000000,0.0000000
12590.0000000,0.0000000
12600.0000000,0.0000001
12610.0000000,0.0000000
12620.0000000,0.0000000
12630.0000000,0.0000000
12640.0000000,0.0000000
12650.0000000,0.0000000
12660.0000000,0.0000000
12670.0000000,0.0000000
12680.0000000,0.0000000
12690.0000000,0.0000000
12700.0000000,0.0000001
12710.0000000,0.0000000
12720.0000000,0.0000000
12730.0000000,0.0000000
12740.0000000,0.0000000
12750.0000000,0.0000000
12760.0000000,0.0000000
12770.0000000,0.0000000
12780.0000000,0.0000000
12790.0000000,0.0000000
12800.0000000,0.0000000
12810.0000000,0.0000000
12820.0000000,0.0000000
12830.0000000,0.0000000
12840.0000000,0.0000000
12850.0000000,0.0000000
12860.0000000,0.0000000
12870.0000000,0.0000000
12880.0000000,0.0000000
12890.0000000,0.0000000
12900.0000000,0.0000000
12910.0000000,0.0000000
12920.0000000,0.0000000
12930.0000000,0.0000000
12940.0000000,0.0000000
12950.0000000,0.0000000
12960.0000000,0.0000000
12970.0000000,0.0000000
12980.0000000,0.0000000
12990.0000000,0.0000000
13000.0000000,0.0000001
13010.0000000,0.0000000
13020.0000000,0.0000000
13030.0000000,0.0000000
13040.0000000,0.0000000
13050.0000000,0.0000000
13060.0000000,0.0000000
13070.0000000,0.0000000
13080.0000000,0.0000000
13090.0000000,0.0000000
13100.0000000,0.0000003
13110.0000000,0.0000000
13120.0000000,0.0000000
13130.0000000,0.0000000
13140.0000000,0.0000000
13150.0000000,0.0000000
13160.0000000,0.0000000
13170.0000000,0.0000000
13180.0000000,0.0000000
13190.0000000,0.0000000
13200.0000000,0.0000001
13210.0000000,0.0000000
13220.0000000,0.0000000
13230.0000000,0.0000000
13240.0000000,0.0000000
13250.0000000,0.0000000
13260.0000000,0.0000000
13270.0000000,0.0000000
13280.0000000,0.0000000
13290.0000000,0.0000000
13300.0000000,0.0000001
13310.0000000,0.0000000
13320.0000000,0.0000000
13330.0000000,0.0000000
13340.0000000,0.0000000
13350.0000000,0.0000000
13360.0000000,0.0000000
13370.0000000,0.0000000
13380.0000000,0.0000000
13390.0000000,0.0000000
13400.0000000,0.0000002
13410.0000000,0.0000000
13420.0000000,0.0000000
13430.0000000,0.0000000
13440.0000000,0.0000000
13450.0000000,0.0000000
13460.0000000,0.0000000
13470.0000000,0.0000000
13480.0000000,0.0000000
13490.0000000,0.0000000
13500.0000000,0.0000001
13510.0000000,0.0000000
13520.0000000,0.0000000
13530.0000000,0.0000000
13540.0000000,0.0000000
13550.0000000,0.0000000
13560.0000000,0.0000000
13570.0000000,0.0000000
13580.0000000,0.0000000
13590.0000000,0.0000000
13600.0000000,0.0000000
13610.0000000,0.0000000
13620.0000000,0.0000000
13630.0000000,0.0000000
13640.0000000,0.0000000
13650.0000000,0.0000000
13660.0000000,0.0000000
13670.0000000,0.0000000
13680.0000000,0.0000000
13690.0000000,0.0000000
13700.0000000,0.0000000
13710.0000000,0.0000000
13720.0000000,0.0000000
13730.0000000,0.0000000
13740.0000000,0.0000000
13750.0000000,0.0000000
13760.0000000,0.0000000
13770.0000000,0.0000000
13780.0000000,0.0000000
13790.0000000,0.0000000
13800.0000000,0.0000001
13810.0000000,0.0000000
13820.0000000,0.0000000
13830.0000000,0.0000000
13840.0000000,0.0000000
13850.0000000,0.0000000
13860.0000000,0.0000000
13870.0000000,0.0000000
13880.0000000,0.0000000
13890.0000000,0.0000000
13900.0000000,0.0000000
13910.0000000,0.0000000
13920.0000000,0.0000000
13930.0000000,0.0000000
13940.0000000,0.0000000
13950.0000000,0.0000000
13960.0000000,0.0000000
13970.0000000,0.0000000
13980.0000000,0.0000000
13990.0000000,0.0000000
14000.0000000,0.0000000
14010.0000000,0.0000000
14020.0000000,0.0000000
14030.0000000,0.0000000
14040.0000000,0.0000000
14050.0000000,0.0000000
14060.0000000,0.0000000
14070.0000000,0.0000000
14080.0000000,0.0000000
14090.0000000,0.0000000
14100.0000000,0.0000001
14110.0000000,0.0000000
14120.0000000,0.0000000
14130.0000000,0.0000000
14140.0000000,0.0000000
14150.0000000,0.0000000
14160.0000000,0.0000000
14170.0000000,0.0000000
14180.0000000,0.0000000
14190.0000000,0.0000000
14200.0000000,0.0000000
14210.0000000,0.0000000
14220.0000000,0.0000000
14230.0000000,0.0000000
14240.0000000,0.0000000
14250.0000000,0.0000000
14260.0000000,0.0000000
14270.0000000,0.0000000
14280.0000000,0.0000000
14290.0000000,0.0000000
14300.0000000,0.0000003
14310.0000000,0.0000000
14320.0000000,0.0000000
14330.0000000,0.0000000
14340.0000000,0.0000000
14350.0000000,0.0000000
14360.0000000,0.0000000
14370.0000000,0.0000000
14380.0000000,0.0000000
14390.0000000,0.0000000
14400.0000000,0.0000001
14410.0000000,0.0000000
14420.0000000,0.0000000
14430.0000000,0.0000000
14440.0000000,0.0000000
14450.0000000,0.0000000
14460.0000000,0.0000000
14470.0000000,0.0000000
14480.0000000,0.0000000
14490.0000000,0.0000000
14500.0000000,0.0000001
14510.0000000,0.0000000
14520.0000000,0.0000000
14530.0000000,0.0000000
14540.0000000,0.0000000
14550.0000000,0.0000000
14560.0000000,0.0000000
14570.0000000,0.0000000
14580.0000000,0.0000000
14590.0000000,0.0000000
14600.0000000,0.0000001
14610.0000000,0.0000000
14620.0000000,0.0000000
14630.0000000,0.0000000
14640.0000000,0.0000000
14650.0000000,0.0000000
14660.0000000,0.0000000
14670.0000000,0.0000000
14680.0000000,0.0000000
14690.0000000,0.0000000
14700.0000000,0.0000000
14710.0000000,0.0000000
14720.0000000,0.0000000
14730.0000000,0.0000000
14740.0000000,0.0000000
14750.0000000,0.0000000
14760.0000000,0.0000000
14770.0000000,0.0000000
14780.0000000,0.0000000
14790.0000000,0.0000000
14800.0000000,0.0000001
14810.0000000,0.0000000
14820.0000000,0.0000000
14830.0000000,0.0000000
14840.0000000,0.0000000
14850.0000000,0.0000000
14860.0000000,0.0000000
14870.0000000,0.0000000
14880.0000000,0.0000000
14890.0000000,0.0000000
14900.0000000,0.0000001
14910.0000000,0.0000000
14920.0000000,0.0000000
14930.0000000,0.0000000
14940.0000000,0.0000000
14950.0000000,0.0000000
14960.0000000,0.0000000
14970.0000000,0.0000000
14980.0000000,0.0000000
14990.0000000,0.0000000
15000.0000000,0.0000001
15010.0000000,0.0000000
15020.0000000,0.0000000
15030.0000000,0.0000000
15040.0000000,0.0000000
15050.0000000,0.0000000
15060.0000000,0.0000000
15070.0000000,0.0000000
15080.0000000,0.0000000
15090.0000000,0.0000000
15100.0000000,0.0000000
15110.0000000,0.0000000
15120.0000000,0.0000000
15130.0000000,0.0000000
15140.0000000,0.0000000
15150.0000000,0.0000000
15160.0000000,0.0000000
15170.0000000,0.0000000
15180.0000000,0.0000000
15190.0000000,0.0000000
15200.0000000,0.0000001
15210.0000000,0.0000000
15220.0000000,0.0000000
15230.0000000,0.0000000
15240.0000000,0.0000000
15250.0000000,0.0000000
15260.0000000,0.0000000
15270.0000000,0.0000000
15280.0000000,0.0000000
15290.0000000,0.0000000
15300.0000000,0.0000001
15310.0000000,0.0000000
15320.0000000,0.0000000
15330.0000000,0.0000000
15340.0000000,0.0000000
15350.0000000,0.0000000
15360.0000000,0.0000000
15370.0000000,0.0000000
15380.0000000,0.0000000
15390.0000000,0.0000000
15400.0000000,0.0000001
15410.0000000,0.0000000
15420.0000000,0.0000000
15430.0000000,0.0000000
15440.0000000,0.0000000
15450.0000000,0.0000000
15460.0000000,0.0000000
15470.0000000,0.0000000
15480.0000000,0.0000000
15490.0000000,0.0000000
15500.0000000,0.0000000
15510.0000000,0.0000000
15520.0000000,0.0000000
15530.0000000,0.0000000
15540.0000000,0.0000000
15550.0000000,0.0000000
15560.0000000,0.0000000
15570.0000000,0.0000000
15580.0000000,0.0000000
15590.0000000,0.0000000
15600.0000000,0.0000001
15610.0000000,0.0000000
15620.0000000,0.0000000
15630.0000000,0.0000000
15640.0000000,0.0000000
15650.0000000,0.0000000
15660.0000000,0.0000000
15670.0000000,0.0000000
15680.0000000,0.0000000
15690.0000000,0.0000000
15700.0000000,0.0000001
15710.0000000,0.0000000
15720.0000000,0.0000000
15730.0000000,0.0000000
15740.0000000,0.0000000
15750.0000000,0.0000000
15760.0000000,0.0000000
15770.0000000,0.0000000
15780.0000000,0.0000000
15790.0000000,0.0000000
15800.0000000,0.0000001
15810.0000000,0.0000000
15820.0000000,0.0000000
15830.0000000,0.0000000
15840.0000000,0.0000000
15850.0000000,0.0000000
15860.0000000,0.0000000
15870.0000000,0.0000000
15880.0000000,0.0000000
15890.0000000,0.0000000
15900.0000000,0.0000001
15910.0000000,0.0000000
15920.0000000,0.0000000
15930.0000000,0.0000000
15940.0000000,0.0000000
15950.0000000,0.0000000
15960.0000000,0.0000000
15970.0000000,0.0000000
15980.0000000,0.0000000
15990.0000000,0.0000000
16000.0000000,0.0000001
16010.0000000,0.0000000
16020.0000000,0.0000000
16030.0000000,0.0000000
16040.0000000,0.0000000
16050.0000000,0.0000000
16060.0000000,0.0000000
16070.0000000,0.0000000
16080.0000000,0.0000000
16090.0000000,0.0000000
16100.0000000,0.0000000
16110.0000000,0.0000000
16120.0000000,0.0000000
16130.0000000,0.0000000
16140.0000000,0.0000000
16150.0000000,0.0000000
16160.0000000,0.0000000
16170.0000000,0.0000000
16180.0000000,0.0000000
16190.0000000,0.0000000
16200.0000000,0.0000001
16210.0000000,0.0000000
16220.0000000,0.0000000
16230.0000000,0.0000000
16240.0000000,0.0000000
16250.0000000,0.0000000
16260.0000000,0.0000000
16270.0000000,0.0000000
16280.0000000,0.0000000
16290.0000000,0.0000000
16300.0000000,0.0000001
16310.0000000,0.0000000
16320.0000000,0.0000000
16330.0000000,0.0000000
16340.0000000,0.0000000
16350.0000000,0.0000000
16360.0000000,0.0000000
16370.0000000,0.0000000
16380.0000000,0.0000000
16390.0000000,0.0000000
16400.0000000,0.0000001
16410.0000000,0.0000000
16420.0000000,0.0000000
16430.0000000,0.0000000
16440.0000000,0.0000000
16450.0000000,0.0000000
16460.0000000,0.0000000
16470.0000000,0.0000000
16480.0000000,0.0000000
16490.0000000,0.0000000
16500.0000000,0.0000000
16510.0000000,0.0000000
16520.0000000,0.0000000
16530.0000000,0.0000000
16540.0000000,0.0000000
16550.0000000,0.0000000
16560.0000000,0.0000000
16570.0000000,0.0000000
16580.0000000,0.0000000
16590.0000000,0.0000000
16600.0000000,0.0000000
16610.0000000,0.0000000
16620.0000000,0.0000000
16630.0000000,0.0000000
16640.0000000,0.0000000
16650.0000000,0.0000000
16660.0000000,0.0000000
16670.0000000,0.0000000
16680.0000000,0.0000000
16690.0000000,0.0000000
16700.0000000,0.0000000
16710.0000000,0.0000000
16720.0000000,0.0000000
16730.0000000,0.0000000
16740.0000000,0.0000000
16750.0000000,0.0000000
16760.0000000,0.0000000
16770.0000000,0.0000000
16780.0000000,0.0000000
16790.0000000,0.0000000
16800.0000000,0.0000001
16810.0000000,0.0000000
16820.0000000,0.0000000
16830.0000000,0.0000000
16840.0000000,0.0000000
16850.0000000,0.0000000
16860.0000000,0.0000000
16870.0000000,0.0000000
16880.0000000,0.0000000
16890.0000000,0.0000000
16900.0000000,0.0000000
16910.0000000,0.0000000
16920.0000000,0.0000000
16930.0000000,0.0000000
16940.0000000,0.0000000
16950.0000000,0.0000000
16960.0000000,0.0000000
16970.0000000,0.0000000
16980.0000000,0.0000000
16990.0000000,0.0000000
17000.0000000,0.0000003
17010.0000000,0.0000000
17020.0000000,0.0000000
17030.0000000,0.0000000
17040.0000000,0.0000000
17050.0000000,0.0000000
17060.0000000,0.0000000
17070.0000000,0.0000000
17080.0000000,0.0000000
17090.0000000,0.0000000
17100.0000000,0.0000001
17110.0000000,0.0000000
17120.0000000,0.0000000
17130.0000000,0.0000000
17140.0000000,0.0000000
17150.0000000,0.0000000
17160.0000000,0.0000000
17170.0000000,0.0000000
17180.0000000,0.0000000
17190.0000000,0.0000000
17200.0000000,0.0000002
17210.0000000,0.0000000
17220.0000000,0.0000000
17230.0000000,0.0000000
17240.0000000,0.0000000
17250.0000000,0.0000000
17260.0000000,0.0000000
17270.0000000,0.0000000
17280.0000000,0.0000000
17290.0000000,0.0000000
17300.0000000,0.0000000
17310.0000000,0.0000000
17320.0000000,0.0000000
17330.0000000,0.0000000
17340.0000000,0.0000000
17350.0000000,0.0000000
17360.0000000,0.0000000
17370.0000000,0.0000000
17380.0000000,0.0000000
17390.0000000,0.0000000
17400.0000000,0.0000001
17410.0000000,0.0000000
17420.0000000,0.0000000
17430.0000000,0.0000000
17440.0000000,0.0000000
17450.0000000,0.0000000
17460.0000000,0.0000000
17470.0000000,0.0000000
17480.0000000,0.0000000
17490.0000000,0.0000000
17500.0000000,0.0000000
17510.0000000,0.0000000
17520.0000000,0.0000000
17530.0000000,0.0000000
17540.0000000,0.0000000
17550.0000000,0.0000000
17560.0000000,0.0000000
17570.0000000,0.0000000
17580.0000000,0.0000000
17590.0000000,0.0000000
17600.0000000,0.0000000
17610.0000000,0.0000000
17620.0000000,0.0000000
17630.0000000,0.0000000
17640.0000000,0.0000000
17650.0000000,0.0000000
17660.0000000,0.0000000
17670.0000000,0.0000000
17680.0000000,0.0000000
17690.0000000,0.0000000
17700.0000000,0.0000001
17710.0000000,0.0000000
17720.0000000,0.0000000
17730.0000000,0.0000000
17740.0000000,0.0000000
17750.0000000,0.0000000
17760.0000000,0.0000000
17770.0000000,0.0000000
17780.0000000,0.0000000
17790.0000000,0.0000000
17800.0000000,0.0000001
17810.0000000,0.0000000
17820.0000000,0.0000000
17830.0000000,0.0000000
17840.0000000,0.0000000
17850.0000000,0.0000000
17860.0000000,0.0000000
17870.0000000,0.0000000
17880.0000000,0.0000000
17890.0000000,0.0000000
17900.0000000,0.0000001
17910.0000000,0.0000000
17920.0000000,0.0000000
17930.0000000,0.0000000
17940.0000000,0.0000000
17950.0000000,0.0000000
17960.0000000,0.0000000
17970.0000000,0.0000000
17980.0000000,0.0000000
17990.0000000,0.0000000
18000.0000000,0.0000001
18010.0000000,0.0000000
18020.0000000,0.0000000
18030.0000000,0.0000000
18040.0000000,0.0000000
18050.0000000,0.0000000
18060.0000000,0.0000000
18070.0000000,0.0000000
18080.0000000,0.0000000
18090.0000000,0.0000000
18100.0000000,0.0000000
18110.0000000,0.0000000
18120.0000000,0.0000000
18130.0000000,0.0000000
18140.0000000,0.0000000
18150.0000000,0.0000000
18160.0000000,0.0000000
18170.0000000,0.0000000
18180.0000000,0.0000000
18190.0000000,0.0000000
18200.0000000,0.0000002
18210.0000000,0.0000000
18220.0000000,0.0000000
18230.0000000,0.0000000
18240.0000000,0.0000000
18250.0000000,0.0000000
18260.0000000,0.0000000
18270.0000000,0.0000000
18280.0000000,0.0000000
18290.0000000,0.0000000
18300.0000000,0.0000001
18310.0000000,0.0000000
18320.0000000,0.0000000
18330.0000000,0.0000000
18340.0000000,0.0000000
18350.0000000,0.0000000
18360.0000000,0.0000000
18370.0000000,0.0000000
18380.0000000,0.0000000
18390.0000000,0.0000000
18400.0000000,0.0000000
18410.0000000,0.0000000
18420.0000000,0.0000000
18430.0000000,0.0000000
18440.0000000,0.0000000
18450.0000000,0.0000000
18460.0000000,0.0000000
18470.0000000,0.0000000
18480.0000000,0.0000000
18490.0000000,0.0000000
18500.0000000,0.0000001
18510.0000000,0.0000000
18520.0000000,0.0000000
18530.0000000,0.0000000
18540.0000000,0.0000000
18550.0000000,0.0000000
18560.0000000,0.0000000
18570.0000000,0.0000000
18580.0000000,0.0000000
18590.0000000,0.0000000
18600.0000000,0.0000000
18610.0000000,0.0000000
18620.0000000,0.0000000
18630.0000000,0.0000000
18640.0000000,0.0000000
18650.0000000,0.0000000
18660.0000000,0.0000000
18670.0000000,0.0000000
18680.0000000,0.0000000
18690.0000000,0.0000000
18700.0000000,0.0000000
18710.0000000,0.0000000
18720.0000000,0.0000000
18730.0000000,0.0000000
18740.0000000,0.0000000
18750.0000000,0.0000000
18760.0000000,0.0000000
18770.0000000,0.0000000
18780.0000000,0.0000000
18790.0000000,0.0000000
18800.0000000,0.0000001
18810.0000000,0.0000000
18820.0000000,0.0000000
18830.0000000,0.0000000
18840.0000000,0.0000000
18850.0000000,0.0000000
18860.0000000,0.0000000
18870.0000000,0.0000000
18880.0000000,0.0000000
18890.0000000,0.0000000
18900.0000000,0.0000001
18910.0000000,0.0000000
18920.0000000,0.0000000
18930.0000000,0.0000000
18940.0000000,0.0000000
18950.0000000,0.0000000
18960.0000000,0.0000000
18970.0000000,0.0000000
18980.0000000,0.0000000
18990.0000000,0.0000000
19000.0000000,0.0000001
19010.0000000,0.0000000
19020.0000000,0.0000000
19030.0000000,0.0000000
19040.0000000,0.0000000
19050.0000000,0.0000000
19060.0000000,0.0000000
19070.0000000,0.0000000
19080.0000000,0.0000000
19090.0000000,0.0000000
19100.0000000,0.0000001
19110.0000000,0.0000000
19120.0000000,0.0000000
19130.0000000,0.0000000
19140.0000000,0.0000000
19150.0000000,0.0000000
19160.0000000,0.0000000
19170.0000000,0.0000000
19180.0000000,0.0000000
19190.0000000,0.0000000
19200.0000000,0.0000002
19210.0000000,0.0000000
19220.0000000,0.0000000
19230.0000000,0.0000000
19240.0000000,0.0000000
19250.0000000,0.0000000
19260.0000000,0.0000000
19270.0000000,0.0000000
19280.0000000,0.0000000
19290.0000000,0.0000000
19300.0000000,0.0000000
19310.0000000,0.0000000
19320.0000000,0.0000000
19330.0000000,0.0000000
19340.0000000,0.0000000
19350.0000000,0.0000000
19360.0000000,0.0000000
19370.0000000,0.0000000
19380.0000000,0.0000000
19390.0000000,0.0000000
19400.0000000,0.0000000
19410.0000000,0.0000000
19420.0000000,0.0000000
19430.0000000,0.0000000
19440.0000000,0.0000000
19450.0000000,0.0000000
19460.0000000,0.0000000
19470.0000000,0.0000000
19480.0000000,0.0000000
19490.0000000,0.0000000
19500.0000000,0.0000000
19510.0000000,0.0000000
19520.0000000,0.0000000
19530.0000000,0.0000000
19540.0000000,0.0000000
19550.0000000,0.0000000
19560.0000000,0.0000000
19570.0000000,0.0000000
19580.0000000,0.0000000
19590.0000000,0.0000000
19600.0000000,0.0000000
19610.0000000,0.0000000
19620.0000000,0.0000000
19630.0000000,0.0000000
19640.0000000,0.0000000
19650.0000000,0.0000000
19660.0000000,0.0000000
19670.0000000,0.0000000
19680.0000000,0.0000000
19690.0000000,0.0000000
19700.0000000,0.0000000
19710.0000000,0.0000000
19720.0000000,0.0000000
19730.0000000,0.0000000
19740.0000000,0.0000000
19750.0000000,0.0000000
19760.0000000,0.0000000
19770.0000000,0.0000000
19780.0000000,0.0000000
19790.0000000,0.0000000
19800.0000000,0.0000001
19810.0000000,0.0000000
19820.0000000,0.0000000
19830.0000000,0.0000000
19840.0000000,0.0000000
19850.0000000,0.0000000
19860.0000000,0.0000000
19870.0000000,0.0000000
19880.0000000,0.0000000
19890.0000000,0.0000000
19900.0000000,0.0000002
19910.0000000,0.0000000
19920.0000000,0.0000000
19930.0000000,0.0000000
19940.0000000,0.0000000
19950.0000000,0.0000000
19960.0000000,0.0000000
19970.0000000,0.0000000
19980.0000000,0.0000000
19990.0000000,0.0000000
20000.0000000,0.0000001
20010.0000000,0.0000000
20020.0000000,0.0000000
20030.0000000,0.0000000
20040.0000000,0.0000000
20050.0000000,0.0000000
20060.0000000,0.0000000
20070.0000000,0.0000000
20080.0000000,0.0000000
20090.0000000,0.0000000
20100.0000000,0.0000001
20110.0000000,0.0000000
20120.0000000,0.0000000
20130.0000000,0.0000000
20140.0000000,0.0000000
20150.0000000,0.0000000
20160.0000000,0.0000000
20170.0000000,0.0000000
20180.0000000,0.0000000
20190.0000000,0.0000000
20200.0000000,0.0000001
20210.0000000,0.0000000
20220.0000000,0.0000000
20230.0000000,0.0000000
20240.0000000,0.0000000
20250.0000000,0.0000000
20260.0000000,0.0000000
20270.0000000,0.0000000
20280.0000000,0.0000000
20290.0000000,0.0000000
20300.0000000,0.0000001
20310.0000000,0.0000000
20320.0000000,0.0000000
20330.0000000,0.0000000
20340.0000000,0.0000000
20350.0000000,0.0000000
20360.0000000,0.0000000
20370.0000000,0.0000000
20380.0000000,0.0000000
20390.0000000,0.0000000
20400.0000000,0.0000001
20410.0000000,0.0000000
20420.0000000,0.0000000
20430.0000000,0.0000000
20440.0000000,0.0000000
20450.0000000,0.0000000
20460.0000000,0.0000000
20470.0000000,0.0000000
20480.0000000,0.0000000
20490.0000000,0.0000000
20500.0000000,0.0000000
20510.0000000,0.0000000
20520.0000000,0.0000000
20530.0000000,0.0000000
20540.0000000,0.0000000
20550.0000000,0.0000000
20560.0000000,0.0000000
20570.0000000,0.0000000
20580.0000000,0.0000000
20590.0000000,0.0000000
20600.0000000,0.0000000
20610.0000000,0.0000000
20620.0000000,0.0000000
20630.0000000,0.0000000
20640.0000000,0.0000000
20650.0000000,0.0000000
20660.0000000,0.0000000
20670.0000000,0.0000000
20680.0000000,0.0000000
20690.0000000,0.0000000
20700.0000000,0.0000000
20710.0000000,0.0000000
20720.0000000,0.0000000
20730.0000000,0.0000000
20740.0000000,0.0000000
20750.0000000,0.0000000
20760.0000000,0.0000000
20770.0000000,0.0000000
20780.0000000,0.0000000
20790.0000000,0.0000000
20800.0000000,0.0000001
20810.0000000,0.0000000
20820.0000000,0.0000000
20830.0000000,0.0000000
20840.0000000,0.0000000
20850.0000000,0.0000000
20860.0000000,0.0000000
20870.0000000,0.0000000
20880.0000000,0.0000000
20890.0000000,0.0000000
20900.0000000,0.0000000
20910.0000000,0.0000000
20920.0000000,0.0000000
20930.0000000,0.0000000
20940.0000000,0.0000000
20950.0000000,0.0000000
20960.0000000,0.0000000
20970.0000000,0.0000000
20980.0000000,0.0000000
20990.0000000,0.0000000
21000.0000000,0.0000000
21010.0000000,0.0000000
21020.0000000,0.0000000
21030.0000000,0.0000000
21040.0000000,0.0000000
21050.0000000,0.0000000
21060.0000000,0.0000000
21070.0000000,0.0000000
21080.0000000,0.0000000
21090.0000000,0.0000000
21100.0000000,0.0000001
21110.0000000,0.0000000
21120.0000000,0.0000000
21130.0000000,0.0000000
21140.0000000,0.0000000
21150.0000000,0.0000000
21160.0000000,0.0000000
21170.0000000,0.0000000
21180.0000000,0.0000000
21190.0000000,0.0000000
21200.0000000,0.0000001
21210.0000000,0.0000000
21220.0000000,0.0000000
21230.0000000,0.0000000
21240.0000000,0.0000000
21250.0000000,0.0000000
21260.0000000,0.0000000
21270.0000000,0.0000000
21280.0000000,0.0000000
21290.0000000,0.0000000
21300.0000000,0.0000001
21310.0000000,0.0000000
21320.0000000,0.0000000
21330.0000000,0.0000000
21340.0000000,0.0000000
21350.0000000,0.0000000
21360.0000000,0.0000000
21370.0000000,0.0000000
21380.0000000,0.0000000
21390.0000000,0.0000000
21400.0000000,0.0000001
21410.0000000,0.0000000
21420.0000000,0.0000000
21430.0000000,0.0000000
21440.0000000,0.0000000
21450.0000000,0.0000000
21460.0000000,0.0000000
21470.0000000,0.0000000
21480.0000000,0.0000000
21490.0000000,0.0000000
21500.0000000,0.0000001
21510.0000000,0.0000000
21520.0000000,0.0000000
21530.0000000,0.0000000
21540.0000000,0.0000000
21550.0000000,0.0000000
21560.0000000,0.0000000
21570.0000000,0.0000000
21580.0000000,0.0000000
21590.0000000,0.0000000
21600.0000000,0.0000000
21610.0000000,0.0000000
21620.0000000,0.0000000
21630.0000000,0.0000000
21640.0000000,0.0000000
21650.0000000,0.0000000
21660.0000000,0.0000000
21670.0000000,0.0000000
21680.0000000,0.0000000
21690.0000000,0.0000000
21700.0000000,0.0000000
21710.0000000,0.0000000
21720.0000000,0.0000000
21730.0000000,0.0000000
21740.0000000,0.0000000
21750.0000000,0.0000000
21760.0000000,0.0000000
21770.0000000,0.0000000
21780.0000000,0.0000000
21790.0000000,0.0000000
21800.0000000,0.0000001
21810.0000000,0.0000000
21820.0000000,0.0000000
21830.0000000,0.0000000
21840.0000000,0.0000000
21850.0000000,0.0000000
21860.0000000,0.0000000
21870.0000000,0.0000000
21880.0000000,0.0000000
21890.0000000,0.0000000
21900.0000000,0.0000001
21910.0000000,0.0000000
21920.0000000,0.0000000
21930.0000000,0.0000000
21940.0000000,0.0000000
21950.0000000,0.0000000
21960.0000000,0.0000000
21970.0000000,0.0000000
21980.0000000,0.0000000
21990.0000000,0.0000000
22000.0000000,0.0000002
22010.0000000,0.0000000
22020.0000000,0.0000000
22030.0000000,0.0000000
22040.0000000,0.0000000
